3.260000000000000000e+02
2.180000000000000000e+02
2.220000000000000000e+02
2.120000000000000000e+02
2.150000000000000000e+02
2.210000000000000000e+02
2.180000000000000000e+02
2.200000000000000000e+02
2.170000000000000000e+02
1.900000000000000000e+02
7.710000000000000000e+02
8.670000000000000000e+02
7.860000000000000000e+02
9.820000000000000000e+02
9.040000000000000000e+02
1.177000000000000000e+03
7.820000000000000000e+02
1.217000000000000000e+03
7.220000000000000000e+02
8.060000000000000000e+02
1.543000000000000000e+03
1.516000000000000000e+03
1.395000000000000000e+03
1.740000000000000000e+03
1.469000000000000000e+03
2.299000000000000000e+03
1.580000000000000000e+03
2.217000000000000000e+03
1.641000000000000000e+03
2.037000000000000000e+03
3.408000000000000000e+03
3.189000000000000000e+03
2.269000000000000000e+03
2.824000000000000000e+03
2.637000000000000000e+03
2.160000000000000000e+03
1.977000000000000000e+03
2.358000000000000000e+03
2.182000000000000000e+03
2.091000000000000000e+03
3.150000000000000000e+03
3.925000000000000000e+03
3.912000000000000000e+03
3.124000000000000000e+03
3.187000000000000000e+03
3.708000000000000000e+03
3.339000000000000000e+03
3.166000000000000000e+03
2.740000000000000000e+03
2.657000000000000000e+03
